year_decimal	gt	gt_err	year	month	eqe	eqe_err	eqe_min	eqe_max
1979.125	-0.578330537762	0.0449253053465	1979	2	3.548133892335761	0.0	0.0	0.0
1979.2083333333335	-0.338839550024	0.0447708330772	1979	3	1.4158915687682804e+19	4.988127663727244e+18	1.0023744672545511e+19	2e+19
1979.2916666666667	-0.342388282244	0.0446517696804	1979	4	1e+19	3.5229588011930476e+18	7.079457843841402e+18	1.4125375446227497e+19
1979.375	-0.335076519125	0.0453275132521	1979	5	3.548133892335761	0.0	0.0	0.0
1979.4583333333335	-0.336034970328	0.0446752904963	1979	6	3.548133892335761	0.0	0.0	0.0
1979.5416666666667	-0.367186170605	0.0440651896084	1979	7	3.548133892335761	0.0	0.0	0.0
1979.625	-0.281173055994	0.0435530120076	1979	8	3.548133892335761	0.0	0.0	0.0
1979.7083333333335	-0.150541318022	0.0429761301109	1979	9	3.548133892335761	0.0	0.0	0.0
1979.7916666666667	-0.183106735517	0.0424715663732	1979	10	3.548133892335761	0.0	0.0	0.0
1979.875	-0.155442500436	0.0433354035056	1979	11	7.079457843841402e+18	2.494063831863622e+18	5.011872336272756e+18	1e+19
1979.9583333333335	0.0725876860655	0.0459235204005	1979	12	3.548133892335761	0.0	0.0	0.0
1980.0416666666667	-0.0902157867217	0.0469512108124	1980	1	3.548133892335761	0.0	0.0	0.0
1980.125	-0.0222965710833	0.0466223463605	1980	2	3.548133892335761	0.0	0.0	0.0
1980.2083333333335	-0.123463944446	0.0471339314815	1980	3	3.548133892335761	0.0	0.0	0.0
1980.2916666666667	-0.0799750365941	0.0472921283054	1980	4	1.4125375446227612e+19	4.976311574844414e+18	1e+19	1.9952623149688828e+19
1980.375	-0.0964256733821	0.0476945127686	1980	5	3.548133892335761	0.0	0.0	0.0
1980.4583333333335	-0.219925000704	0.0471856790625	1980	6	3.548133892335761	0.0	0.0	0.0
1980.5416666666667	-0.142808202371	0.0467734239716	1980	7	7.079457843841402e+18	2.494063831863622e+18	5.011872336272756e+18	1e+19
1980.625	-0.211173532884	0.0463660194284	1980	8	3.548133892335761	0.0	0.0	0.0
1980.7083333333335	-0.196889929751	0.0459371420363	1980	9	3.548133892335761	0.0	0.0	0.0
1980.7916666666667	-0.297045803913	0.0454845769338	1980	10	7.079457843841402e+18	2.494063831863622e+18	5.011872336272756e+18	1e+19
1980.875	-0.113456641769	0.0450506364084	1980	11	3.548133892335761	0.0	0.0	0.0
1980.9583333333335	-0.236013501874	0.0446254335938	1980	12	3.548133892335761	0.0	0.0	0.0
1981.0416666666667	0.0561765170878	0.0442511971907	1981	1	3.548133892335761	0.0	0.0	0.0
1981.125	-0.0974984466945	0.044056761651	1981	2	3.548133892335761	0.0	0.0	0.0
1981.2083333333335	-0.0543911733202	0.0445419219831	1981	3	3.548133892335761	0.0	0.0	0.0
1981.2916666666667	-0.176558622066	0.0442442445392	1981	4	4.2309204758872334e+19	1.4905358527674845e+19	2.9952623149688988e+19	5.976334020503868e+19
1981.375	-0.164738490144	0.0439849013438	1981	5	3.548133892335761	0.0	0.0	0.0
1981.4583333333335	-0.133165970323	0.04369886015	1981	6	2e+19	7.045917602386095e+18	1.4158915687682804e+19	2.8250750892454994e+19
1981.5416666666667	-0.117766537248	0.0433541099318	1981	7	1.6768417534424475e+20	5.907444413498065e+19	1.1871130504288905e+20	2.3686019331285035e+20
1981.625	-0.0215089693708	0.0432961756067	1981	8	3.548133892335761	0.0	0.0	0.0
1981.7083333333335	-0.166708055562	0.0434296656065	1981	9	3.2622776601683794e+20	1.1492869794825655e+20	2.3095157170067607e+20	4.608089675971892e+20
1981.7916666666667	-0.270828786815	0.0431650427974	1981	10	2.7777062252015033e+20	9.785744593202417e+19	1.9664654123889872e+20	3.9236143310294706e+20
1981.875	-0.204759926299	0.0431403799744	1981	11	6.396963274303265e+19	2.2536238068115382e+19	4.528703182903163e+19	9.03595079652624e+19
1981.9583333333335	0.0500080793472	0.0434975180137	1981	12	3.548133892335761	0.0	0.0	0.0
1982.0416666666667	-0.355653434582	0.0430716937574	1982	1	1.93803408453797e+20	6.8276142351351865e+19	1.3720230601414276e+20	2.7375459071684647e+20
1982.125	-0.341028486111	0.0405873749676	1982	2	3.548133892335761	0.0	0.0	0.0
1982.2083333333335	-0.520389761067	0.0392856674734	1982	3	3.548133892335761	0.0	0.0	0.0
1982.2916666666667	-0.345784251743	0.0375991901495	1982	4	3.548133892335761	0.0	0.0	0.0
1982.375	-0.227029931815	0.0365162458074	1982	5	3.548133892335761	0.0	0.0	0.0
1982.4583333333335	-0.340802223995	0.0362343388631	1982	6	1e+19	3.5229588011930476e+18	7.079457843841402e+18	1.4125375446227497e+19
1982.5416666666667	-0.264605770606	0.0363220071038	1982	7	3.548133892335761	0.0	0.0	0.0
1982.625	-0.428758710804	0.0363524934802	1982	8	3.548133892335761	0.0	0.0	0.0
1982.7083333333335	-0.273847470132	0.0359737396774	1982	9	7.079457843841402e+18	2.494063831863622e+18	5.011872336272756e+18	1e+19
1982.7916666666667	-0.195287977901	0.0352423154499	1982	10	3.548133892335761	0.0	0.0	0.0
1982.875	-0.278142026051	0.0351741867216	1982	11	3.548133892335761	0.0	0.0	0.0
1982.9583333333335	-0.0166260546644	0.0347343619477	1982	12	3.548133892335761	0.0	0.0	0.0
1983.0416666666667	0.0710015467459	0.0341581606688	1983	1	3.548133892335761	0.0	0.0	0.0
1983.125	-0.0358851043054	0.0341156212835	1983	2	2.1204833290069012e+19	7.470375406708036e+18	1.5011872336272757e+19	2.9952623149688828e+19
1983.2083333333335	-0.126179893259	0.0346961360785	1983	3	4.945558418252423e+19	1.7422998556396863e+19	3.5011872336272757e+19	6.985786944906648e+19
1983.2916666666667	-0.209480704491	0.0349575620786	1983	4	3.831783137536561e+19	1.3499214128647537e+19	2.7126947188932424e+19	5.41253754462275e+19
1983.375	-0.0593085177885	0.0355023002014	1983	5	1.9952623149688828e+19	7.029226933208556e+18	1.4125375446227612e+19	2.8183829312644723e+19
1983.4583333333335	-0.139463665595	0.0354733487068	1983	6	1.4125375446227612e+19	4.976311574844414e+18	1e+19	1.9952623149688828e+19
1983.5416666666667	-0.273334578418	0.0355629831339	1983	7	3.548133892335761	0.0	0.0	0.0
1983.625	-0.0991313258179	0.0355796579086	1983	8	1e+19	3.5229588011930476e+18	7.079457843841402e+18	1.4125375446227497e+19
1983.7083333333335	-0.0339583668505	0.0355359217128	1983	9	3.548133892335761	0.0	0.0	0.0
1983.7916666666667	-0.264112338649	0.0354992522773	1983	10	7.079457843841402e+18	2.494063831863622e+18	5.011872336272756e+18	1e+19
1983.875	-0.0928328317013	0.0355272987779	1983	11	2.6852906630662065e+20	9.46016837521074e+19	1.9010402047638127e+20	3.7930738798059605e+20
1983.9583333333335	-0.174816420224	0.0356852982291	1983	12	3.1349354796753433e+20	1.1044248539294599e+20	2.219364357152432e+20	4.428214065011352e+20
1984.0416666666667	-0.179509149585	0.03574644525	1984	1	1.1924354052777838e+20	4.20090080587759e+19	8.441796183167962e+19	1.684359779492314e+20
1984.125	-0.320443505993	0.0347071347859	1984	2	1e+19	3.5229588011930476e+18	7.079457843841402e+18	1.4125375446227497e+19
1984.2083333333335	-0.226535959297	0.0350803028168	1984	3	3.1050188173165874e+20	1.0938853370335563e+20	2.1981849821527068e+20	4.38595565621982e+20
1984.2916666666667	-0.32284030181	0.0353958424415	1984	4	3.548133892335761	0.0	0.0	0.0
1984.375	-0.0163855840888	0.0345883958152	1984	5	3.548133892335761	0.0	0.0	0.0
1984.4583333333335	-0.384684281109	0.0345985058566	1984	6	3.548133892335761	0.0	0.0	0.0
1984.5416666666667	-0.38057179618	0.0347037467188	1984	7	3.548133892335761	0.0	0.0	0.0
1984.625	-0.193842677138	0.034864160004	1984	8	3.548133892335761	0.0	0.0	0.0
1984.7083333333335	-0.18537191059	0.0348641959452	1984	9	1e+19	3.5229588011930476e+18	7.079457843841402e+18	1.4125375446227497e+19
1984.7916666666667	-0.318351166618	0.0349660619964	1984	10	7.079457843841402e+18	2.494063831863622e+18	5.011872336272756e+18	1e+19
1984.875	-0.401064378397	0.0338323160782	1984	11	7.079457843841402e+18	2.494063831863622e+18	5.011872336272756e+18	1e+19
1984.9583333333335	-0.514023464873	0.0309265654233	1984	12	3.548133892335761	0.0	0.0	0.0
1985.0416666666667	-0.207518297973	0.02924086149	1985	1	2.8183829312644723e+19	9.929046952830431e+18	1.9952623149688988e+19	3.981071705534985e+19
1985.125	-0.483309029184	0.0295444250188	1985	2	3.548133892335761	0.0	0.0	0.0
1985.2083333333335	-0.341074730421	0.0283724538303	1985	3	2.762817804369727e+20	9.73329329999719e+19	1.955925217624993e+20	3.9025838776244306e+20
1985.2916666666667	-0.360944025011	0.0276984036993	1985	4	1.6613371542696965e+20	5.852822349383461e+19	1.176136634805971e+20	2.3467011046826633e+20
1985.375	-0.296744036698	0.0265972160119	1985	5	9.651228131626993e+19	3.4000879088637477e+19	6.832546269914906e+19	1.3632722087642402e+20
1985.4583333333335	-0.287858410459	0.0266753628083	1985	6	3.1204833290069012e+19	1.0993334207901084e+19	2.2091330180114158e+19	4.4077998595916325e+19
1985.5416666666667	-0.390589702582	0.0265706126811	1985	7	2.5966697801687918e+20	9.14796065583779e+19	1.838301424308188e+20	3.6678935554757467e+20
1985.625	-0.270143756742	0.0264677771656	1985	8	2.412537544622761e+19	8.499270376037462e+18	1.70794578438414e+19	3.4077998595916325e+19
1985.7083333333335	-0.286640117232	0.0264244460412	1985	9	3.855690517692405e+20	1.3583438843981054e+20	2.72961984789024e+20	5.446307616686451e+20
1985.7916666666667	-0.293537753726	0.0264444606889	1985	10	3.1204833290069012e+19	1.0993334207901084e+19	2.2091330180114158e+19	4.4077998595916325e+19
1985.875	-0.363435831605	0.0266732013263	1985	11	1.3130813673087087e+20	4.6259315596428165e+19	9.295904185395631e+19	1.8547767304681266e+20
1985.9583333333335	-0.273272256393	0.0273584774003	1985	12	9.441796183167962e+19	3.32630589625625e+19	6.684279804888024e+19	1.3336891597400524e+20
1986.0416666666667	-0.236163943765	0.0272991781529	1986	1	5.6234132519034905e+19	1.981105320853902e+19	3.981071705534985e+19	7.94328234724279e+19
1986.125	-0.121829815114	0.0272661525127	1986	2	7.079457843841402e+18	2.494063831863622e+18	5.011872336272756e+18	1e+19
1986.2083333333335	-0.252698204014	0.0259593660751	1986	3	1.70794578438414e+19	6.01702263305667e+18	1.2091330180114158e+19	2.4125375446227497e+19
1986.2916666666667	-0.212245148669	0.0258406111527	1986	4	6.684279804888008e+19	2.3548442368267272e+19	4.732107709514509e+19	9.441796183167962e+19
1986.375	-0.184409746177	0.0256640258209	1986	5	4.9905246299377656e+19	1.758141266761016e+19	3.5330208736296624e+19	7.049303407151694e+19
1986.4583333333335	-0.267799056439	0.0255352933695	1986	6	1.1034567135640653e+20	3.887432540786092e+19	7.811875286180577e+19	1.558674036775276e+20
1986.5416666666667	-0.278588501186	0.0257889391944	1986	7	7.079457843841402e+18	2.494063831863622e+18	5.011872336272756e+18	1e+19
1986.625	-0.293345888276	0.0258079387183	1986	8	2.247234517651473e+20	7.916914622305069e+19	1.590920203293887e+20	3.174303127754901e+20
1986.7083333333335	-0.328523338284	0.0257466982452	1986	9	3.5363748977751814e+19	1.2458503070435279e+19	2.503561700881827e+19	4.995262314968883e+19
1986.7916666666667	-0.281115849647	0.0257714252837	1986	10	3.23257560478952e+20	1.1388230677415215e+20	2.2884882721137492e+20	4.5661344075967916e+20
1986.875	-0.268982599915	0.0260267992856	1986	11	1.1220184543019652e+20	3.952824788684193e+19	7.943282347242853e+19	1.584893192461124e+20
1986.9583333333335	-0.295361630121	0.0256479363877	1986	12	2.1238373531524207e+19	7.482191495590867e+18	1.5035617008818266e+19	3e+19
1987.0416666666667	-0.223138846208	0.0256560188136	1987	1	8.684279804888008e+19	3.0594359970653364e+19	6.147999278282789e+19	1.2266871272413463e+20
1987.125	-0.122909221982	0.0249704267899	1987	2	2.1440245987959053e+20	7.553310330302526e+19	1.5178531763334585e+20	3.0285152423939644e+20
1987.2083333333335	-0.297445961092	0.0245963134462	1987	3	3.7603848307218776e+20	1.324768083526447e+20	2.662148588571622e+20	5.311684755624516e+20
1987.2916666666667	-0.265230179422	0.0247475400906	1987	4	4.2309204758872334e+19	1.4905358527674845e+19	2.9952623149688988e+19	5.976334020503868e+19
1987.375	-0.191556883322	0.0245590723591	1987	5	8.10627027391355e+19	2.8558056206333702e+19	5.73879986749556e+19	1.14504111087623e+20
1987.4583333333335	-0.132552679587	0.0251563707838	1987	6	7.3313590362876305e+19	2.582807584159569e+19	5.1902047235464e+19	1.035581989186554e+20
1987.5416666666667	-0.0104035723256	0.0248198508642	1987	7	1.4125375446227612e+19	4.976311574844414e+18	1e+19	1.9952623149688828e+19
1987.625	-0.203110670866	0.0247981753541	1987	8	9.651228131626993e+19	3.4000879088637477e+19	6.832546269914907e+19	1.3632722087642402e+20
1987.7083333333335	-0.0544907176994	0.0248009278347	1987	9	5.115745643975785e+19	1.802256114110964e+19	3.621670562634177e+19	7.226182790856106e+19
1987.7916666666667	-0.150027445906	0.0248050745511	1987	10	1.855154357930728e+20	6.5356323728437625e+19	1.3133487070789254e+20	2.620475181647678e+20
1987.875	-0.21040139971	0.0247827207127	1987	11	7.245155433988504e+20	2.552438410218182e+20	5.129177246700002e+20	1.0234054067136366e+21
1987.9583333333335	0.0153938064959	0.0250184311648	1987	12	1.4125375446227612e+19	4.976311574844414e+18	1e+19	1.9952623149688828e+19
1988.0416666666667	0.0582526203821	0.0249180182524	1988	1	5.689017489919125e+19	2.004217423625176e+19	4.027515949275888e+19	8.03595079652624e+19
1988.125	-0.0818610864997	0.0250468220544	1988	2	2.009833281189041e+20	7.080559846895672e+19	1.4228529987327202e+20	2.8389649681118544e+20
1988.2083333333335	-0.0178718272155	0.0242216076232	1988	3	1.3340667872026554e+20	4.699862329354997e+19	9.444469580870128e+19	1.884419423958012e+20
1988.2916666666667	-0.0164455961783	0.0237514167285	1988	4	2.8183829312644723e+19	9.929046952830431e+18	1.9952623149688988e+19	3.981071705534985e+19
1988.375	-0.0317164926134	0.0228692790928	1988	5	3.818382931264473e+19	1.345200575402348e+19	2.703208099353039e+19	5.393609250157735e+19
1988.4583333333335	-0.0199299712829	0.0228563993113	1988	6	3.412537544622761e+19	1.2022229177230508e+19	2.41589156876828e+19	4.820337404214382e+19
1988.5416666666667	-0.135442600506	0.0227223097055	1988	7	9.806146794780508e+19	3.454665115646306e+19	6.942220284416893e+19	1.3851550515709506e+20
1988.625	-0.0346379710483	0.0228539690842	1988	8	1.49290692921495e+20	5.259449605639952e+19	1.0568971670155914e+20	2.108787088143582e+20
1988.7083333333335	-0.0370250658318	0.0228406637595	1988	9	1.4125375446227612e+19	4.976311574844414e+18	1e+19	1.9952623149688828e+19
1988.7916666666667	-0.062398180249	0.0228646655241	1988	10	1e+19	3.5229588011930476e+18	7.079457843841402e+18	1.4125375446227497e+19
1988.875	-0.256468280461	0.0228061574313	1988	11	4.566835921509653e+20	1.6088774803287117e+20	3.2330722386067934e+20	6.450827199264217e+20
1988.9583333333335	-0.12362585914	0.0222000240145	1988	12	3.548133892335761	0.0	0.0	0.0
1989.0416666666667	-0.418960459294	0.0226637989832	1989	1	1.70794578438414e+19	6.01702263305667e+18	1.2091330180114158e+19	2.4125375446227497e+19
1989.125	-0.143107723503	0.0227370422155	1989	2	8.326621351256513e+19	2.93343439736112e+19	5.894796483785022e+19	1.1761665278507262e+20
1989.2083333333335	-0.20847554172	0.0215635424232	1989	3	2.8183829312644723e+19	9.929046952830431e+18	1.9952623149688988e+19	3.981071705534985e+19
1989.2916666666667	-0.185389753887	0.0204121441745	1989	4	1.4125375446227612e+19	4.976311574844414e+18	1e+19	1.9952623149688828e+19
1989.375	-0.311756669232	0.0207654476063	1989	5	1.8380427502439613e+21	6.475348883941041e+20	1.301234616553044e+21	2.596304393341252e+21
1989.4583333333335	-0.287947073331	0.0207510037953	1989	6	7.079457843841402e+18	2.494063831863622e+18	5.011872336272756e+18	1e+19
1989.5416666666667	-0.126032872	0.020555568438	1989	7	2.703208099353023e+19	9.523290765072177e+18	1.913724778250037e+19	3.818382931264473e+19
1989.625	-0.122748726073	0.0201665481913	1989	8	1.70794578438414e+19	6.01702263305667e+18	1.2091330180114158e+19	2.4125375446227497e+19
1989.7083333333335	-0.0719778868557	0.020229436323	1989	9	4.689017489919125e+19	1.6519215435058713e+19	3.319570164891748e+19	6.6234132519034905e+19
1989.7916666666667	-0.0915301130012	0.0200028697829	1989	10	5.6367658625289445e+19	1.9858093905660862e+19	3.9905246299377975e+19	7.96214341106997e+19
1989.875	-0.290346719598	0.0203497239057	1989	11	1.1220184543019652e+20	3.952824788684193e+19	7.943282347242853e+19	1.584893192461124e+20
1989.9583333333335	-0.0293717123788	0.0203573998707	1989	12	8.743896580910391e+19	3.0804387416440103e+19	6.1902047235464e+19	1.2351082206834423e+20
1990.0416666666667	-0.0247520207385	0.0211904431767	1990	1	3.548133892335761	0.0	0.0	0.0
1990.125	-0.109061384394	0.0223045722029	1990	2	4.2309204758872334e+19	1.4905358527674845e+19	2.9952623149688988e+19	5.976334020503868e+19
1990.2083333333335	0.204609564914	0.0222870176338	1990	3	2.147234517651473e+20	7.564618742185764e+19	1.520125624855473e+20	3.033049373292626e+20
1990.2916666666667	0.138636927758	0.0221193087538	1990	4	2.450016005623823e+20	8.631305450076304e+19	1.734478502855051e+20	3.460739592870312e+20
1990.375	0.0718105363854	0.0229162122577	1990	5	2.1422939592260888e+20	7.547213358398299e+19	1.516627977345709e+20	3.0260706490253686e+20
1990.4583333333335	-0.0541280810805	0.0230438822482	1990	6	1.901963917981911e+20	6.70054052440605e+19	1.3464873377860366e+20	2.6865954426672464e+20
1990.5416666666667	0.0597347842033	0.0231696728901	1990	7	1.1067119700395273e+20	3.8989006752364724e+19	7.834920737169457e+19	1.5632722087642402e+20
1990.625	-0.110648974567	0.0233822370533	1990	8	5.3936092501577466e+19	1.9001463178039505e+19	3.818382931264473e+19	7.618675566872373e+19
1990.7083333333335	-0.145199359419	0.0234259362637	1990	9	3.1204833290069012e+19	1.0993334207901084e+19	2.2091330180114158e+19	4.4077998595916325e+19
1990.7916666666667	0.0168661510458	0.0234674187768	1990	10	6.684279804888008e+19	2.354844236826727e+19	4.7321077095145095e+19	9.441796183167962e+19
1990.875	0.00651911755737	0.0235296536594	1990	11	5.6234132519034905e+19	1.981105320853902e+19	3.981071705534985e+19	7.94328234724279e+19
1990.9583333333335	-0.0441581499002	0.0229914032283	1990	12	2.720754878989787e+20	9.585107346826016e+19	1.9261469469234e+20	3.843168416288603e+20
1991.0416666666667	-0.0810581038331	0.0229966970993	1991	1	4.9388662602713735e+19	1.7399422359538467e+19	3.4964495485961744e+19	6.976334020503868e+19
1991.125	0.00584847648528	0.0227918956419	1991	2	4.689017489919125e+19	1.6519215435058713e+19	3.319570164891748e+19	6.6234132519034905e+19
1991.2083333333335	-0.134913117116	0.0227508912968	1991	3	1.70794578438414e+19	6.01702263305667e+18	1.2091330180114158e+19	2.4125375446227497e+19
1991.2916666666667	0.0949361716907	0.022853447988	1991	4	1.4038567474284125e+20	4.945729483967236e+19	9.938544662211753e+19	1.9830003630146224e+20
1991.375	0.0549683897947	0.0235434876527	1991	5	1.0207254496391102e+20	3.595973706407849e+19	7.226182790856132e+19	1.441813020367183e+20
1991.4583333333335	0.109187621432	0.0235261030354	1991	6	2.42907281077792e+20	8.557523437468808e+19	1.7196518563523628e+20	3.431156543846124e+20
1991.5416666666667	0.136638014133	0.0233578302251	1991	7	8.794716951768341e+19	3.098342548923408e+19	6.226182790856132e+19	1.2422867888702947e+20
1991.625	0.0240318369008	0.0233609357817	1991	8	4.2309204758872334e+19	1.4905358527674845e+19	2.9952623149688988e+19	5.976334020503868e+19
1991.7083333333335	0.00120225130379	0.0234733083363	1991	9	3.818382931264473e+19	1.345200575402348e+19	2.703208099353039e+19	5.393609250157735e+19
1991.7916666666667	-0.0892414587552	0.0234397699895	1991	10	8.651228131626993e+19	3.047792028744443e+19	6.124600485530766e+19	1.2220184543019652e+20
1991.875	-0.0826025009404	0.0232863718015	1991	11	8.618675566872373e+19	3.0363238942940623e+19	6.101555034541887e+19	1.2174202823130012e+20
1991.9583333333335	-0.0838229661148	0.023743801402	1991	12	2.9426516206355238e+20	1.0366840425762904e+20	2.0832378097400775e+20	4.1566058948926584e+20
1992.0416666666667	-0.000716589147648	0.0241183197844	1992	1	1.4125375446227612e+19	4.976311574844414e+18	1e+19	1.9952623149688828e+19
1992.125	-0.0418768910757	0.0242294839679	1992	2	1.70794578438414e+19	6.01702263305667e+18	1.2091330180114158e+19	2.4125375446227497e+19
1992.2083333333335	-0.0429924532411	0.0231891787285	1992	3	5.2309204758872334e+19	1.8428317328867893e+19	3.703208099353039e+19	7.388871565126618e+19
1992.2916666666667	-0.194970410772	0.0229948121057	1992	4	1.0156434125533153e+20	3.578069899128452e+19	7.1902047235464e+19	1.4346344521803306e+20
1992.375	-0.0751585780672	0.0231241545341	1992	5	2.947589763208512e+20	1.0384237298602048e+20	2.0867337469573077e+20	4.163581206677717e+20
1992.4583333333335	-0.127835414958	0.0224567571079	1992	6	7.943282347242853e+19	2.7983856455580807e+19	5.6234132519034905e+19	1.1220184543019652e+20
1992.5416666666667	-0.300782035225	0.0224466649741	1992	7	9.651228131626993e+19	3.4000879088637477e+19	6.832546269914906e+19	1.3632722087642402e+20
1992.625	-0.300556614875	0.0224966901349	1992	8	1.8856950405548596e+20	6.6432259394888884e+19	1.3349698545948931e+20	2.6636150424926706e+20
1992.7083333333335	-0.399046036146	0.0226738237067	1992	9	2.8250750892455223e+19	9.952623149688828e+18	2e+19	3.9905246299377656e+19
1992.7916666666667	-0.304862506255	0.0226706194529	1992	10	1.9393741051651788e+20	6.8323350725975925e+19	1.3729717220954479e+20	2.739438736614966e+20
1992.875	-0.378878583791	0.0229822360805	1992	11	2.41589156876828e+19	8.511086464920291e+18	1.7103202516386914e+19	3.4125375446227497e+19
1992.9583333333335	-0.245713354398	0.0227406463104	1992	12	2.147234517651473e+20	7.564618742185764e+19	1.520125624855473e+20	3.033049373292626e+20
1993.0416666666667	-0.0188090467591	0.0231825263309	1993	1	2.4799748930306228e+20	8.736849376140023e+19	1.755687770899538e+20	3.5030576461275424e+20
1993.125	-0.0950861037757	0.0235428275145	1993	2	1e+19	3.5229588011930476e+18	7.079457843841402e+18	1.4125375446227497e+19
1993.2083333333335	-0.0848974408615	0.0236848115411	1993	3	8.035950796526251e+19	2.8310323584576483e+19	5.689017489919125e+19	1.1351082206834423e+20
1993.2916666666667	-0.140981198669	0.0247660864117	1993	4	4.813645246233355e+19	1.6958273886038987e+19	3.40779985959166e+19	6.799454636799458e+19
1993.375	-0.120966129636	0.0256744430522	1993	5	1.577105097227221e+20	5.5560762826830774e+19	1.1165049051127505e+20	2.227720161649366e+20
1993.4583333333335	-0.127591606094	0.0258077555614	1993	6	1.0156434125533153e+20	3.578069899128452e+19	7.1902047235464e+19	1.4346344521803304e+20
1993.5416666666667	-0.158350516247	0.0258577951136	1993	7	1.2220184543019652e+20	4.305120668803498e+19	8.651228131626993e+19	1.7261469469233988e+20
1993.625	-0.236617507335	0.0256446214735	1993	8	3.1765246365521714e+20	1.1190765425548021e+20	2.2488072254394735e+20	4.486960310549078e+20
1993.7083333333335	-0.207686139582	0.02563277418	1993	9	1.1646490446595876e+20	4.103010602184603e+19	8.245083814537667e+19	1.6451105018906873e+20
1993.7916666666667	-0.183765195497	0.0260353787575	1993	10	6.820337404214405e+19	2.4027767685283475e+19	4.828429113391042e+19	9.633982650447738e+19
1993.875	-0.286506301809	0.0261072342565	1993	11	3.981071705534985e+19	1.402515160319509e+19	2.8183829312644723e+19	5.6234132519034905e+19
1993.9583333333335	-0.242335174451	0.0262744954847	1993	12	2.9952623149688828e+19	1.0552185734401604e+19	2.1204833290069012e+19	4.230920475887222e+19
1994.0416666666667	-0.180485244308	0.0280770758314	1994	1	8.21199218142222e+19	2.8930510130869936e+19	5.8136452462333714e+19	1.1599747272407358e+20
1994.125	-0.430023946712	0.0286293718518	1994	2	7.799454636799458e+19	2.747715735721857e+19	5.521591030617511e+19	1.1017022502061225e+20
1994.2083333333335	-0.158457769868	0.0286272937128	1994	3	2.989461180686706e+20	1.0531748577325192e+20	2.1163764404471887e+20	4.222726155912227e+20
1994.2916666666667	-0.120868687107	0.0286885889084	1994	4	5.643458020509994e+19	1.988167010251926e+19	3.995262314968899e+19	7.971596335472751e+19
1994.375	-0.0394868991599	0.0282499100858	1994	5	5.234274500032753e+19	1.8440133417750723e+19	3.70558256660759e+19	7.393609250157735e+19
1994.4583333333335	0.0537009719546	0.0282526286053	1994	6	4.0623454650159727e+21	1.4311475709464868e+21	2.8759203466700873e+21	5.738215488563061e+21
1994.5416666666667	-0.130370417227	0.0282814218959	1994	7	1.9838860109892026e+20	6.989148682978256e+19	1.404483738178474e+20	2.8023134747741248e+20
1994.625	-0.228785856104	0.0283782821289	1994	8	1.70794578438414e+19	6.01702263305667e+18	1.2091330180114158e+19	2.4125375446227497e+19
1994.7083333333335	-0.0346574599404	0.0283554562074	1994	9	8.618675566872373e+19	3.0363238942940627e+19	6.101555034541887e+19	1.2174202823130012e+20
1994.7916666666667	0.0769455534559	0.0283431497802	1994	10	2.6121985626245237e+21	9.20266791666204e+20	1.8492949603843414e+21	3.6898285437167495e+21
1994.875	0.0304737794944	0.0281732502862	1994	11	5.396963274303265e+19	1.9013279266922336e+19	3.820757398519023e+19	7.623413251903491e+19
1994.9583333333335	-0.0800191001821	0.0281823325049	1994	12	4.608425078386481e+20	1.6235291689540538e+20	3.2625151068938345e+20	6.509573444801942e+20
1995.0416666666667	0.030536176328	0.0278092300693	1995	1	7.642074359624396e+19	2.6922713124610646e+19	5.410174326846211e+19	1.0794716951768341e+20
1995.125	0.220598776933	0.0266103111207	1995	2	5.3936092501577466e+19	1.9001463178039505e+19	3.818382931264473e+19	7.618675566872373e+19
1995.2083333333335	-0.0136499873528	0.0265957242223	1995	3	1.9952623149688828e+19	7.029226933208556e+18	1.4125375446227612e+19	2.8183829312644723e+19
1995.2916666666667	0.0831038042191	0.026547629704	1995	4	2.8005366050144394e+20	9.866175080698923e+19	1.9826280835334426e+20	3.955863099673227e+20
1995.375	-0.101139400062	0.0260412638901	1995	5	2.535769037408779e+20	8.933409848132153e+19	1.7951870002053726e+20	3.581868969831803e+20
1995.4583333333335	0.060280828697	0.0266191756527	1995	6	4.407799859591644e+19	1.5528497309246018e+19	3.1204833290069012e+19	6.226182790856104e+19
1995.5416666666667	0.189305957576	0.026933397819	1995	7	1.3795156917063576e+21	4.8599769474808296e+20	9.766223184352866e+20	1.9486177079314528e+21
1995.625	0.0620388504036	0.0268136245887	1995	8	4.760536376959842e+20	1.6771173527610363e+20	3.370201659476063e+20	6.724436364998136e+20
1995.7083333333335	-0.0657382148008	0.0269632079334	1995	9	1.655687770899538e+20	5.832919804518224e+19	1.1721371776647019e+20	2.3387211385683467e+20
1995.7916666666667	0.0674820756437	0.0269143886247	1995	10	9.897942754116585e+20	3.4870044539319996e+20	7.007206846852382e+20	1.398121575471638e+21
1995.875	0.0467679498702	0.0266491113826	1995	11	7.618675566872373e+19	2.6840280141747577e+19	5.3936092501577466e+19	1.0761665278507262e+20
1995.9583333333335	-0.143673041575	0.0265253364558	1995	12	3.731179409160292e+20	1.3144791338331526e+20	2.6414727334959356e+20	5.2704310011622405e+20
1996.0416666666667	-0.202311133081	0.0271610833412	1996	1	6.309573444801942e+20	2.22283672991393e+20	4.466835921509653e+20	8.912509381337513e+20
1996.125	0.0323776985749	0.027260577784	1996	2	1.8698772915357092e+21	6.587500661366747e+20	1.3237717458583395e+21	2.641271878131689e+21
1996.2083333333335	-0.0708497485705	0.0273658697886	1996	3	7.232874948837166e+19	2.548112045893484e+19	5.120483329006902e+19	1.021670742079387e+20
1996.2916666666667	-0.0826405137111	0.0272940376106	1996	4	8.943282347242853e+19	3.1506815256773853e+19	6.3313590362876305e+19	1.2632722087642402e+20
1996.375	-0.144405049736	0.0268897194706	1996	5	3.548133892335761	0.0	0.0	0.0
1996.4583333333335	-0.152114746063	0.0269465285777	1996	6	8.509254492652971e+20	2.997775300648341e+20	6.02409084632545e+20	1.2019641447622134e+21
1996.5416666666667	-0.0380183661177	0.0269726163528	1996	7	1.0502662736152481e+20	3.700044812229075e+19	7.43531580886755e+19	1.4835405433325696e+20
1996.625	0.0723153273646	0.0269661456808	1996	8	1.2220184543019652e+20	4.305120668803498e+19	8.651228131626993e+19	1.7261469469233988e+20
1996.7083333333335	-0.108516111232	0.0268674833241	1996	9	3.5330208736296624e+19	1.244668698155245e+19	2.5011872336272757e+19	4.9905246299377656e+19
1996.7916666666667	-0.189892223254	0.0270793867717	1996	10	7.813645246233356e+19	2.752715028961813e+19	5.53163721274408e+19	1.1037067270667708e+20
1996.875	0.00889830036056	0.0270430041556	1996	11	2.720085663191682e+20	9.582749727140178e+19	1.92567317842029e+20	3.842223123848325e+20
1996.9583333333335	-0.0197278457076	0.0265558735222	1996	12	2.1204833290069012e+19	7.470375406708036e+18	1.5011872336272757e+19	2.9952623149688828e+19
1997.0416666666667	-0.13863014479	0.0272896983366	1997	1	1.1924354052777838e+20	4.20090080587759e+19	8.441796183167962e+19	1.684359779492314e+20
1997.125	-0.0806023187599	0.0274313370215	1997	2	4.689017489919125e+19	1.6519215435058713e+19	3.319570164891748e+19	6.6234132519034905e+19
1997.2083333333335	0.0531505702832	0.027398645728	1997	3	3.818382931264473e+19	1.345200575402348e+19	2.703208099353039e+19	5.393609250157735e+19
1997.2916666666667	0.0350768633676	0.0274583703062	1997	4	4.778884254410343e+20	1.683581234395792e+20	3.383190961969521e+20	6.750353430761105e+20
1997.375	-0.0244281073763	0.0273541991957	1997	5	2.4896255226220367e+20	8.770848146596212e+19	1.7625198934354326e+20	3.516689522754675e+20
1997.4583333333335	0.198550163104	0.0275015996556	1997	6	7.079457843841402e+18	2.494063831863622e+18	5.011872336272756e+18	1e+19
1997.5416666666667	0.0123577358073	0.0276797661851	1997	7	7.632028177497827e+19	2.688732083886942e+19	5.403062174560559e+19	1.0780526342334443e+20
1997.625	0.0539400146566	0.0277473183283	1997	8	5.040190167648121e+21	1.7756382310802603e+21	3.5681813816808807e+21	7.1194578438414e+21
1997.7083333333335	0.120238025648	0.0278655491961	1997	9	6.8089075612022374e+19	2.3987500819247542e+19	4.820337404214421e+19	9.61783756806393e+19
1997.7916666666667	0.225058922758	0.0279348376578	1997	10	7.505050673621054e+20	2.6439984324033466e+20	5.3131689859793774e+20	1.060116585078607e+21
1997.875	0.269291911655	0.0276842743773	1997	11	2.1537949414530364e+20	7.587730844957037e+19	1.5247700492295632e+20	3.0423162182209706e+20
1997.9583333333335	0.181727838504	0.0282184567249	1997	12	2.271853177089079e+21	8.003645145244372e+20	1.608348879459927e+21	3.209077908508801e+21
1998.0416666666667	0.102330992291	0.0281728760627	1998	1	1.932173957756154e+20	6.8069692499131154e+19	1.3678744080902881e+20	2.7292682580729112e+20
1998.125	0.339197703625	0.0279547585572	1998	2	2.8284291133910417e+19	9.96443923857166e+18	2.0023744672545513e+19	3.995262314968883e+19
1998.2083333333335	0.16205251063	0.0282701088527	1998	3	7.113168524454568e+20	2.5059399657596948e+20	5.035737670501565e+20	1.0047617602020955e+21
1998.2916666666667	0.25455484649	0.0273306840222	1998	4	3.818382931264473e+19	1.345200575402348e+19	2.703208099353039e+19	5.393609250157735e+19
1998.375	0.305491642588	0.0266524808781	1998	5	2.990880241630096e+20	1.0536747870565148e+20	2.1173810586598454e+20	4.224730632772875e+20
1998.4583333333335	0.315311098815	0.0266738200236	1998	6	2.1204833290069012e+19	7.470375406708036e+18	1.5011872336272757e+19	2.9952623149688828e+19
1998.5416666666667	0.321892570371	0.0267562005466	1998	7	1.1488472126718583e+20	4.047341399108423e+19	8.133215411125119e+19	1.6227898209341964e+20
1998.625	0.28743842661	0.0269397755645	1998	8	7.035950796526251e+19	2.4787364783383437e+19	4.981071705534985e+19	9.938544662211672e+19
1998.7083333333335	0.0536335997814	0.0269498895121	1998	9	3.703208099353023e+19	1.3046249566265225e+19	2.621670562634177e+19	5.230920475887222e+19
1998.7916666666667	0.0366120822627	0.0270471769547	1998	10	1e+19	3.5229588011930476e+18	7.079457843841402e+18	1.4125375446227497e+19
1998.875	0.0293069157349	0.0269364122586	1998	11	4.864943092063151e+20	1.713899408348732e+20	3.4441159532948265e+20	6.871914769992291e+20
1998.9583333333335	0.179854277083	0.0269711475788	1998	12	2.703208099353023e+19	9.523290765072177e+18	1.913724778250037e+19	3.818382931264473e+19
1999.0416666666667	-0.0294639580908	0.0245427142178	1999	1	4.981071705534985e+19	1.754811040438814e+19	3.5263287156486124e+19	7.03595079652624e+19
1999.125	0.194415558345	0.0241091742796	1999	2	1.1220184543019652e+20	3.952824788684193e+19	7.943282347242853e+19	1.584893192461124e+20
1999.2083333333335	-0.13234088053	0.0260002361545	1999	3	8.971596335472751e+19	3.160656427080525e+19	6.351403804894134e+19	1.2672716659055185e+20
1999.2916666666667	-0.0556471121616	0.0267120979403	1999	4	2.6170815590836634e+20	9.219870512013836e+19	1.852751857142753e+20	3.69672595954552e+20
1999.375	-0.0941254662214	0.0270336884761	1999	5	9.604484957438476e+19	3.3836204811734114e+19	6.799454636799458e+19	1.356669559914628e+20
1999.4583333333335	0.0132666707161	0.0272341098653	1999	6	2.8183829312644723e+19	9.929046952830431e+18	1.9952623149688988e+19	3.981071705534985e+19
1999.5416666666667	0.00379846390945	0.0273254022259	1999	7	1.4125375446227612e+19	4.976311574844414e+18	1e+19	1.9952623149688828e+19
1999.625	-0.0629773601098	0.0272880069455	1999	8	1.444446812033814e+21	5.088726609309765e+20	1.022590031346449e+21	2.040335353208402e+21
1999.7083333333335	0.0231952470524	0.0272732493356	1999	9	3.8236143310294706e+20	1.347043575986814e+20	2.7069116467630984e+20	5.4009987987367264e+20
1999.7916666666667	-0.0490975536787	0.0273213096324	1999	10	5.6234132519034905e+19	1.981105320853902e+19	3.981071705534985e+19	7.94328234724279e+19
1999.875	-0.0260449727789	0.0274375786192	1999	11	2.2083548944732724e+20	7.779943311642404e+19	1.5633955379664313e+20	3.119384200294912e+20
1999.9583333333335	0.0638548240347	0.0275076428688	1999	12	1.3838759457471227e+20	4.875337942829179e+19	9.797091419022908e+19	1.9547767304681266e+20
2000.0416666666667	-0.165074381437	0.0277236703798	2000	1	1.0646490446595876e+20	3.750714722065298e+19	7.537138030153528e+19	1.5038567474284125e+20
2000.125	0.120620967241	0.0276242214483	2000	2	4.981071705534985e+19	1.754811040438814e+19	3.5263287156486124e+19	7.03595079652624e+19
2000.2083333333335	0.0549099437389	0.028088226456	2000	3	3.2330722386067934e+20	1.1389980297892713e+20	2.2888398619310742e+20	4.566835921509617e+20
2000.2916666666667	0.132418223596	0.0284832791968	2000	4	7.96214341106997e+19	2.805030320639018e+19	5.6367658625289445e+19	1.1246826503806981e+20
2000.375	-0.0552291560392	0.02857985667	2000	5	2.147234517651473e+20	7.564618742185764e+19	1.520125624855473e+20	3.033049373292626e+20
2000.4583333333335	0.0231829196767	0.0284584757708	2000	6	7.841161914578722e+20	2.7624090378544965e+20	5.551117522099453e+20	1.1075935597808446e+21
2000.5416666666667	0.0172981790044	0.0280533764534	2000	7	2.70794578438414e+19	9.539981434249718e+18	1.917078802395556e+19	3.825075089245499e+19
2000.625	0.0557848937954	0.0280153580008	2000	8	1.7048613656410692e+20	6.0061563528992735e+19	1.2069494167649826e+20	2.408180687344837e+20
2000.7083333333335	0.0337619304273	0.0278284685998	2000	9	3.548133892335761	0.0	0.0	0.0
2000.7916666666667	-0.101901708329	0.0278370634738	2000	10	6.8189537433288065e+19	2.402289310498877e+19	4.827449556500074e+19	9.632028177497827e+19
2000.875	-0.0474789796404	0.028053840693	2000	11	6.480625505240488e+20	2.2830976660923204e+20	4.5879315066073416e+20	9.154126838791981e+20
2000.9583333333335	-0.130052223083	0.0286851693594	2000	12	5.396963274303265e+19	1.9013279266922336e+19	3.820757398519023e+19	7.623413251903491e+19
2001.0416666666667	0.0340203709083	0.0280947726059	2001	1	9.152680594108455e+20	3.2244516653523226e+20	6.479601642413608e+20	1.2928504973118252e+21
2001.125	0.0162687881831	0.0281856839798	2001	2	1.7395124712537385e+20	6.128230770388454e+19	1.2314805209077167e+20	2.4571266749854073e+20
2001.2083333333335	0.182562473882	0.0288542316047	2001	3	2.1204833290069012e+19	7.470375406708036e+18	1.5011872336272757e+19	2.9952623149688828e+19
2001.2916666666667	0.102230365346	0.0292451529371	2001	4	4.9388662602713735e+19	1.7399422359538467e+19	3.4964495485961744e+19	6.976334020503868e+19
2001.375	0.103448628691	0.0293498293707	2001	5	1.4125375446227612e+19	4.976311574844414e+18	1e+19	1.9952623149688828e+19
2001.4583333333335	0.114244903334	0.0293013171451	2001	6	3.6184934003010516e+21	1.274780317164965e+21	2.561697148564942e+21	5.111257782894872e+21
2001.5416666666667	0.197264555723	0.029204647908	2001	7	2.750631105380477e+20	9.690360061535524e+19	1.9472976954499967e+20	3.8853697077571014e+20
2001.625	0.121715024231	0.0294190577788	2001	8	6.6234132519034905e+19	2.3334012009732067e+19	4.689017489919125e+19	9.35581989186554e+19
2001.7083333333335	0.116716363642	0.0294940412519	2001	9	7.079457843841402e+18	2.494063831863622e+18	5.011872336272756e+18	1e+19
2001.7916666666667	0.105227917184	0.0293000767142	2001	10	1.966731485587571e+20	6.92871399673421e+19	1.3923392642372783e+20	2.77808206358412e+20
2001.875	0.364750207906	0.0292796802512	2001	11	2.2387211385683467e+20	7.886922338536278e+19	1.584893192461124e+20	3.1622776601683794e+20
2001.9583333333335	0.136266076224	0.0292441099686	2001	12	9.739158895879274e+19	3.4310655548455617e+19	6.894796483785022e+19	1.3756927593476145e+20
2002.0416666666667	0.298173708065	0.0286477504519	2002	1	1.3422867888702947e+20	4.728821056575759e+19	9.502662736152496e+19	1.8960304849304014e+20
2002.125	0.245701627294	0.0287993676892	2002	2	1e+19	3.5229588011930476e+18	7.079457843841402e+18	1.4125375446227497e+19
2002.2083333333335	0.479185194424	0.0287576975809	2002	3	2.976795184770098e+20	1.0487126795534988e+20	2.1074096020329942e+20	4.204834961139992e+20
2002.2916666666667	0.139986364553	0.0292379240832	2002	4	7.035950796526251e+19	2.4787364783383437e+19	4.981071705534985e+19	9.938544662211672e+19
2002.375	0.303228730471	0.0292671594946	2002	5	3.548133892335761	0.0	0.0	0.0
2002.4583333333335	0.214490852678	0.0291296382462	2002	6	1.605196768055621e+20	5.6550420816682525e+19	1.1363922850520234e+20	2.2674007013856736e+20
2002.5416666666667	0.199432210957	0.0289755409149	2002	7	7.079457843841402e+18	2.494063831863622e+18	5.011872336272756e+18	1e+19
2002.625	0.165752475127	0.0288486608165	2002	8	7.629113581678032e+20	2.6877052837874165e+20	5.4009987987367264e+20	1.0776409366311558e+21
2002.7083333333335	0.217463408083	0.0289554370915	2002	9	8.651228131626993e+19	3.047792028744443e+19	6.124600485530766e+19	1.2220184543019652e+20
2002.7916666666667	0.258029816324	0.029116564695	2002	10	2.0079852400498472e+20	7.074049274099346e+19	1.4215446857988643e+20	2.8363545406187333e+20
2002.875	0.218886894519	0.0292099070427	2002	11	3.1758133957550014e+20	1.1188259753521925e+20	2.2483037055154343e+20	4.48595565621982e+20
2002.9583333333335	0.0745447690106	0.0290338679363	2002	12	1.4125375446227612e+19	4.976311574844414e+18	1e+19	1.9952623149688828e+19
2003.0416666666667	0.316992394666	0.0290138134186	2003	1	4.239448806231769e+20	1.4935403484121596e+20	3.001299910484151e+20	5.988380607308471e+20
2003.125	0.0713189174896	0.0303392525819	2003	2	1e+19	3.5229588011930476e+18	7.079457843841402e+18	1.4125375446227497e+19
2003.2083333333335	0.109012860174	0.0302393894512	2003	3	6.6234132519034905e+19	2.3334012009732067e+19	4.689017489919125e+19	9.35581989186554e+19
2003.2916666666667	0.130456197752	0.030385629016	2003	4	7.079457843841402e+18	2.494063831863622e+18	5.011872336272756e+18	1e+19
2003.375	0.162179732779	0.030213042566	2003	5	1.2209208969341036e+20	4.301254019414545e+19	8.643458020509994e+19	1.724596605933908e+20
2003.4583333333335	0.0930119446828	0.0300798868146	2003	6	1.1623146065159381e+20	4.094786472780574e+19	8.228557258110683e+19	1.641813020367183e+20
2003.5416666666667	0.126336996749	0.0299623673739	2003	7	3.703208099353023e+19	1.3046249566265225e+19	2.621670562634177e+19	5.230920475887222e+19
2003.625	0.283855355605	0.0299691971309	2003	8	1.1246826503806981e+20	3.962210641707804e+19	7.96214341106997e+19	1.588656469448558e+20
2003.7083333333335	0.294554908325	0.0300913487728	2003	9	1.9004812554691192e+21	6.695317165457353e+20	1.3454376931104412e+21	2.684501126201912e+21
2003.7916666666667	0.317801936216	0.0300356394448	2003	10	6.3936092501577466e+19	2.252442197923255e+19	4.526328715648613e+19	9.031213111495123e+19
2003.875	0.162933104894	0.0301219510206	2003	11	4.737630499948067e+20	1.6690477066592784e+20	3.353985540407935e+20	6.692080953726492e+20
2003.9583333333335	0.34671379065	0.0305069556508	2003	12	1.629999464923244e+20	5.742420960891348e+19	1.1539512497408079e+20	2.302435441919077e+20
2004.0416666666667	0.195480116964	0.0306977847455	2004	1	4.820337404214405e+19	1.6981850082897383e+19	3.412537544622761e+19	6.8089075612022374e+19
2004.125	0.247565607834	0.0305334539075	2004	2	1.4923392642372675e+20	5.257449745310716e+19	1.056495290987703e+20	2.107985240049846e+20
2004.2083333333335	0.153646877201	0.0289428581387	2004	3	3.548133892335761	0.0	0.0	0.0
2004.2916666666667	0.173368207983	0.0282040485842	2004	4	3.1204833290069012e+19	1.0993334207901084e+19	2.2091330180114158e+19	4.4077998595916325e+19
2004.375	-0.0145021721231	0.0278826691685	2004	5	1.70794578438414e+19	6.01702263305667e+18	1.2091330180114158e+19	2.4125375446227497e+19
2004.4583333333335	-0.00458581615024	0.0276858846689	2004	6	4.813645246233355e+19	1.6958273886038987e+19	3.40779985959166e+19	6.799454636799458e+19
2004.5416666666667	-0.100247067999	0.0275782633567	2004	7	1.520125624855464e+20	5.355339949003702e+19	1.0761665278507326e+20	2.147234517651473e+20
2004.625	0.0807156764939	0.0276169023778	2004	8	7.079457843841402e+18	2.494063831863622e+18	5.011872336272756e+18	1e+19
2004.7083333333335	0.158052724337	0.0276710068203	2004	9	2.3356332345794835e+20	8.228339660120775e+19	1.653501702288039e+20	3.299169634312194e+20
2004.7916666666667	0.181783066787	0.0276616034924	2004	10	6.1110079589446664e+19	2.1528829273125147e+19	4.3262623228727984e+19	8.632028177497827e+19
2004.875	0.2955025611	0.0275671212077	2004	11	4.3086833193353177e+20	1.5179313821406062e+20	3.050314192169696e+20	6.086176956450908e+20
2004.9583333333335	0.098118163633	0.027563986877	2004	12	3.8207170896031216e+21	1.3460228897686146e+21	2.70486055690897e+21	5.3969063364462e+21
2005.0416666666667	0.302381126118	0.027086619107	2005	1	3.703208099353023e+19	1.3046249566265225e+19	2.621670562634177e+19	5.230920475887222e+19
2005.125	0.12770874705	0.0269079970526	2005	2	9.512708918279048e+19	3.3512881606838927e+19	6.73448217676906e+19	1.3437058498136847e+20
2005.2083333333335	0.260207950871	0.0264340080914	2005	3	1.8626973718706022e+21	6.562206100190698e+20	1.3186887519992105e+21	2.63112997203735e+21
2005.2916666666667	0.300314096074	0.0263566574274	2005	4	2.1204833290069012e+19	7.470375406708036e+18	1.5011872336272757e+19	2.9952623149688828e+19
2005.375	0.254575127774	0.0259661766035	2005	5	3.825075089245522e+19	1.3475581950881876e+19	2.70794578438414e+19	5.403062174560515e+19
2005.4583333333335	0.285721588893	0.025344914595	2005	6	7.071914769992291e+20	2.491406438023181e+20	5.006532248939979e+20	9.989345124986341e+20
2005.5416666666667	0.21227595224	0.0253556607483	2005	7	7.039304820671771e+19	2.479918087226627e+19	4.9834461727895355e+19	9.94328234724279e+19
2005.625	0.261598496987	0.0254670053934	2005	8	3.981071705534985e+19	1.402515160319509e+19	2.8183829312644723e+19	5.6234132519034905e+19
2005.7083333333335	0.32996291544	0.025469253694	2005	9	3.8944089094678846e+20	1.3719842143054502e+20	2.757030370125826e+20	5.5009987987367264e+20
2005.7916666666667	0.387285582516	0.0257470877867	2005	10	1.1220184543019652e+20	3.952824788684193e+19	7.943282347242853e+19	1.584893192461124e+20
2005.875	0.36631679891	0.0254978697507	2005	11	4.698470414321906e+19	1.6552517698280733e+19	3.326262322872798e+19	6.636765862528945e+19
2005.9583333333335	0.320886285861	0.0247621531196	2005	12	4.2409666580138025e+19	1.4940750813416071e+19	3.0023744672545513e+19	5.990524629937766e+19
2006.0416666666667	0.140673856641	0.0251569731511	2006	1	3.575452121849735e+20	1.2596170520914885e+20	2.5312262569308484e+20	5.0504603611138254e+20
2006.125	0.279955711196	0.0249351241328	2006	2	1.7346336943616353e+21	6.111043040397372e+20	1.2280266113740067e+21	2.450235219453481e+21
2006.2083333333335	0.187718873823	0.0242519357136	2006	3	6.101555034541887e+19	2.1495527009903124e+19	4.319570164891748e+19	8.618675566872373e+19
2006.2916666666667	0.13630390449	0.0237679933708	2006	4	1.2632722087642413e+20	4.4504559461686346e+19	8.943282347242853e+19	1.784419423958012e+20
2006.375	0.104095019236	0.0233976585726	2006	5	1.0767723383733939e+21	3.7934245863537685e+20	7.622964376928972e+20	1.5209813549636507e+21
2006.4583333333335	0.239129926867	0.0234564121615	2006	6	6.311955204506684e+21	2.2236758140453082e+21	4.468522078252041e+21	8.915873706342657e+21
2006.5416666666667	0.113612307841	0.0234261158247	2006	7	8.943282347242853e+19	3.1506815256773853e+19	6.3313590362876305e+19	1.2632722087642402e+20
2006.625	0.301593563541	0.0231407022206	2006	8	7.684279804888008e+19	2.7071401169460314e+19	5.44005349389865e+19	1.0854333727790712e+20
2006.7083333333335	0.241317572585	0.0229590068275	2006	9	6.521591030617496e+19	2.2975296519095656e+19	4.616932877603076e+19	9.211992181422208e+19
2006.7916666666667	0.291758832148	0.0230022315276	2006	10	4.945558418252423e+19	1.7422998556396863e+19	3.5011872336272757e+19	6.985786944906648e+19
2006.875	0.326833670972	0.0229524226111	2006	11	3.5922118909317056e+21	1.2655214496908276e+21	2.543091264799661e+21	5.074134164181317e+21
2006.9583333333335	0.388985662659	0.0230126847306	2006	12	7.799454636799458e+19	2.747715735721857e+19	5.521591030617511e+19	1.1017022502061225e+20
2007.0416666666667	0.509223143279	0.0226791184266	2007	1	2.0474148110522434e+21	7.212958028289502e+20	1.449458684370087e+21	2.8920502900279875e+21
2007.125	0.268945467897	0.0220573133446	2007	2	1.4125375446227612e+19	4.976311574844414e+18	1e+19	1.9952623149688828e+19
2007.2083333333335	0.201047675396	0.0220721366633	2007	3	9.854333727790724e+19	3.4716411736213864e+19	6.976334020503884e+19	1.3919616367746657e+20
2007.2916666666667	0.378820338676	0.0213112780446	2007	4	1.8235426971954087e+21	6.424265794435875e+20	1.2909693651239746e+21	2.5758225240111495e+21
2007.375	0.242105643401	0.0222605773037	2007	5	3.225825174824516e+20	1.1364449190758133e+20	2.2837093336772483e+20	4.556599171828874e+20
2007.4583333333335	0.246232821919	0.0222954293093	2007	6	3.5330208736296624e+19	1.244668698155245e+19	2.5011872336272757e+19	4.9905246299377656e+19
2007.5416666666667	0.286434614112	0.0222981019504	2007	7	5.813645246233355e+19	2.0481232687232033e+19	4.1157456439758004e+19	8.211992181422208e+19
2007.625	0.226512395651	0.0222978224836	2007	8	1.756083417347299e+21	6.186609530772832e+20	1.243211852337914e+21	2.4805337584924806e+21
2007.7083333333335	0.170511230333	0.0218474180337	2007	9	8.599657967714361e+21	3.0296240724609215e+21	6.088091605388864e+21	1.2147339750310706e+22
2007.7916666666667	0.239576269893	0.021634641973	2007	10	1.364175276156476e+20	4.805933295505459e+19	9.657621359160428e+19	1.9269487950171344e+20
2007.875	0.201674996686	0.0226093905779	2007	11	6.991896965338269e+20	2.4632164951073574e+20	4.949883981459465e+20	9.87631697167418e+20
2007.9583333333335	0.0751829765399	0.0224116505993	2007	12	7.345155433988504e+20	2.5876679982301125e+20	5.199971825138416e+20	1.0375307821598641e+21
2008.0416666666667	-0.197073738432	0.0221688011801	2008	1	1.70794578438414e+19	6.01702263305667e+18	1.2091330180114158e+19	2.4125375446227497e+19
2008.125	-0.1100317435	0.0202857796893	2008	2	3.203981574991965e+20	1.1287495088478411e+20	2.268245249260014e+20	4.5257442669556964e+20
2008.2083333333335	0.24005260961	0.0199646309906	2008	3	9.149741967552102e+19	3.2234163993233076e+19	6.477521254131159e+19	1.2924354052777774e+20
2008.2916666666667	0.140036945067	0.0206343588105	2008	4	1.9259489363691425e+20	6.785038756030124e+19	1.363467430441653e+20	2.720475181647678e+20
2008.375	0.15054873229	0.0206319343081	2008	5	9.564668484399263e+20	3.369593301760817e+20	6.771266732562302e+20	1.3510453336083939e+21
2008.4583333333335	0.0319538175566	0.0212487278268	2008	6	5.521591030617495e+19	1.945233771790261e+19	3.908987093218936e+19	7.799454636799458e+19
2008.5416666666667	0.234303201783	0.0212494750995	2008	7	4.965888384503429e+20	1.749462018992883e+20	3.515579747531346e+20	7.014503785517111e+20
2008.625	0.116383950335	0.0210068584796	2008	8	3.548133892335761	0.0	0.0	0.0
2008.7083333333335	0.196204432595	0.0208771761313	2008	9	9.047919746266107e+19	3.1875448502596665e+19	6.40543664181511e+19	1.2780526342334443e+20
2008.7916666666667	0.238459108563	0.0203396599233	2008	10	2.412537544622761e+19	8.499270376037462e+18	1.70794578438414e+19	3.4077998595916325e+19
2008.875	0.272743191194	0.020651074601	2008	11	2.3148314870423444e+20	8.155055960554748e+19	1.638775192811298e+20	3.269786384922248e+20
2008.9583333333335	0.132156699226	0.0202854144454	2008	12	1e+19	3.5229588011930476e+18	7.079457843841402e+18	1.4125375446227497e+19
2009.0416666666667	0.254641315733	0.0203606540858	2009	1	3.501239881487374e+20	1.2334723855574136e+20	2.4786880142166085e+20	4.9456327853314356e+20
2009.125	0.0794722189326	0.0205892295479	2009	2	8.441796183167962e+19	2.9740100161369453e+19	5.976334020503884e+19	1.1924354052777774e+20
2009.2083333333335	0.0494797301431	0.0207204530798	2009	3	3.2330722386067934e+20	1.1389980297892713e+20	2.2888398619310742e+20	4.566835921509617e+20
2009.2916666666667	0.164424390899	0.0207914116695	2009	4	5.2309204758872334e+19	1.8428317328867893e+19	3.703208099353039e+19	7.388871565126618e+19
2009.375	0.23821447149	0.0207912910233	2009	5	1.3340667872026554e+20	4.699862329354997e+19	9.444469580870128e+19	1.884419423958012e+20
2009.4583333333335	0.33703566168	0.0208558238777	2009	6	3.5330208736296624e+19	1.244668698155245e+19	2.5011872336272757e+19	4.9905246299377656e+19
2009.5416666666667	0.384712146682	0.0208406525844	2009	7	6.309573444801942e+20	2.22283672991393e+20	4.466835921509653e+20	8.912509381337513e+20
2009.625	0.301229735698	0.0207555203252	2009	8	3.918041137374556e+20	1.380309750835012e+20	2.7737607062479575e+20	5.534380207917982e+20
2009.7083333333335	0.309378011978	0.020675764044	2009	9	2.1343178931111104e+21	7.51911400607959e+20	1.510981354963651e+21	3.0148041561795687e+21
2009.7916666666667	0.283166504227	0.0206695018741	2009	10	1.2278415039510833e+21	4.325635032814618e+20	8.692452166140523e+20	1.7343722231769758e+21
2009.875	0.398552870075	0.0210399190107	2009	11	1.5923392642372675e+20	5.60974562543002e+19	1.127289869426117e+20	2.249238994512121e+20
2009.9583333333335	0.296028588951	0.0214870188607	2009	12	3.548133892335761	0.0	0.0	0.0
2010.0416666666667	0.318504064619	0.021958171433	2010	1	1.5302955371760383e+20	5.391168131120789e+19	1.0833662744056396e+20	2.1615999006297974e+20
2010.125	0.377516765305	0.0223775930633	2010	2	2.01791070153031e+22	7.109016265977898e+21	1.4285713744120143e+22	2.850374627607594e+22
2010.2083333333335	0.457690358966	0.0225700296105	2010	3	1.4748367079197401e+20	5.1957889604884365e+19	1.0441044300267618e+20	2.0832622221244488e+20
2010.2916666666667	0.459546628657	0.0222057541573	2010	4	7.80916742265595e+20	2.7511375101636192e+20	5.5284671564192363e+20	1.1030742176746474e+21
2010.375	0.332178771879	0.0222181987535	2010	5	2.1287304243414925e+20	7.49942958380136e+19	1.507025730002817e+20	3.006911646763089e+20
2010.4583333333335	0.24406788357	0.0224926872519	2010	6	2.8780820635841213e+20	1.0139364536459533e+20	2.0375260640259854e+20	4.065398971317892e+20
2010.5416666666667	0.220763086111	0.0233492284289	2010	7	9.672686016270653e+20	3.407647433219788e+20	6.847737288890206e+20	1.3663032155329782e+21
2010.625	0.19553549931	0.0233945216645	2010	8	2.3188309441836227e+20	8.169145883290544e+19	1.641606591634291e+20	3.2754357682924e+20
2010.7083333333335	0.201575513418	0.0235883909925	2010	9	8.67008919545411e+19	3.0544367038253806e+19	6.13795309615622e+19	1.2246826503806981e+20
2010.7916666666667	0.300908588542	0.0234583994666	2010	10	6.450827199264218e+20	2.272599845662374e+20	4.566835921509653e+20	9.112035612834401e+20
2010.875	0.383698098269	0.0236523705746	2010	11	2.703208099353023e+19	9.523290765072177e+18	1.913724778250037e+19	3.818382931264473e+19
2010.9583333333335	0.136982646439	0.0237658153583	2010	12	2.8777062252015033e+20	1.0138040473321721e+20	2.0372599908274012e+20	4.0648680854917454e+20
2011.0416666666667	0.0808805902832	0.0235034464098	2011	1	2.3236784794600453e+20	8.186223550356668e+19	1.6450383837978834e+20	3.282283093869217e+20
2011.125	0.0297267495366	0.0236012950494	2011	2	5.942220284416893e+19	2.0934197249614344e+19	4.2067698002348655e+19	8.393609250157735e+19
2011.2083333333335	0.185670779799	0.0235512535029	2011	3	4.125398443158313e+22	1.4533608753752678e+22	2.9205584367388235e+22	5.827280187489359e+22
2011.2916666666667	0.202400742152	0.0237307407177	2011	4	1.2031213111495134e+20	4.2385468120171135e+19	8.517446603310167e+19	1.699454022734439e+20
2011.375	0.0782380794035	0.0239621989805	2011	5	2.703208099353023e+19	9.523290765072177e+18	1.913724778250037e+19	3.818382931264473e+19
2011.4583333333335	0.220859497386	0.0241259739	2011	6	1.2632722087642413e+20	4.4504559461686346e+19	8.943282347242853e+19	1.784419423958012e+20
2011.5416666666667	0.377702767932	0.0243432932314	2011	7	3.801638585184154e+20	1.3393016112629606e+20	2.691354010133208e+20	5.369957232659129e+20
2011.625	0.355511768858	0.0245994680289	2011	8	2.1074096020329942e+20	7.424317205200898e+19	1.491931743729912e+20	2.9767951847700916e+20
2011.7083333333335	0.246624325813	0.0247477208296	2011	9	2.4960459913040416e+20	8.793467193247285e+19	1.767065237172626e+20	3.525758675822083e+20
2011.7916666666667	0.22567182876	0.0249672218573	2011	10	3.0595445183279504e+20	1.077864928848546e+20	2.1659916438858773e+20	4.321721501582969e+20
2011.875	0.160855543596	0.0252290720398	2011	11	3.818382931264473e+19	1.345200575402348e+19	2.703208099353039e+19	5.393609250157735e+19
2011.9583333333335	0.124045454089	0.0253107738321	2011	12	7.3313590362876305e+19	2.582807584159569e+19	5.1902047235464e+19	1.035581989186554e+20
2012.0416666666667	-0.0117514910221	0.0253178513278	2012	1	1.0938544662211736e+20	3.853604218998241e+19	7.743896580910391e+19	1.5451105018906873e+20
2012.125	0.0292207821632	0.0256039158538	2012	2	8.448488341149013e+19	2.976367635822785e+19	5.981071705534985e+19	1.1933806977180556e+20
2012.2083333333335	0.0598360308542	0.0258995601641	2012	3	2.8865954426672477e+20	1.0169356820228322e+20	2.043553074858748e+20	4.0774244389044126e+20
2012.2916666666667	0.270252041894	0.0262286300335	2012	4	1.262815127349952e+22	4.448845667177248e+21	8.940046458639197e+21	1.7837737792993692e+22
2012.375	0.307980336065	0.0252500148296	2012	5	1.4125375446227612e+19	4.976311574844414e+18	1e+19	1.9952623149688828e+19
2012.4583333333335	0.286487645322	0.0254729063358	2012	6	3.548133892335761	0.0	0.0	0.0
2012.5416666666667	0.133608592828	0.025789155909	2012	7	2.1204833290069012e+19	7.470375406708036e+18	1.5011872336272757e+19	2.9952623149688828e+19
2012.625	0.239288041866	0.0261084172844	2012	8	9.455260528601432e+20	3.331049329680977e+20	6.693811831477114e+20	1.3355910490839067e+21
2012.7083333333335	0.265799789404	0.0263990423771	2012	9	3.956605894892665e+20	1.3938959560264432e+20	2.8010624637586958e+20	5.588854375811582e+20
2012.7916666666667	0.393273572348	0.0266586762531	2012	10	6.480368023240357e+20	2.2830069562444965e+20	4.5877492233107944e+20	9.153763135799788e+20
2012.875	0.370871693178	0.0253234898014	2012	11	1.3923392642372675e+20	4.905153865191411e+19	9.85700712549289e+19	1.9667314855875713e+20
2012.9583333333335	0.117104012273	0.0251889117072	2012	12	1.8256135339545903e+20	6.431561267022537e+19	1.2924354052777838e+20	2.5787476586822913e+20
